0303030303030303030303030303030303030303030303030
0000000000000000000000000000000000000000000000000
3033033000000003303303033033000000003303303033033
0333333003030003030300030300030303000303003333330
0303030303030303030303030303030303030303030303030
0000000000000000000000000000000000000000000000000
3033033000000003303303033033000000003303303033033
0333333003030003030300030300030303000303003333330
0303030303030303030303030303030303030303030303030
0000000000000000000000000000000000000000000000000
3033033000000003303303033033000000003303303033033
0333333003030003030300030300030303000303003333330
0303030303030303030303030303030303030303030303030
0000000000000000000000000000000000000000000000000
3033033000000003303303033033000000003303303033033
0333333003030003030300030300030303000303003333330
0303030303030303030303030303030303030303030303030
0000000000000000000000000000000000000000000000000
3033033000000003303303033033000000003303303033033
0333333003030003030300030300030303000303003333330
0303030303030303030303030303030303030303030303030
0000000000000000000000000000000000000000000000000
3033033000000003303303033033000000003303303033033
0333333003030003030300030300030303000303003333330
0303030303030303030303030303030303030303030303030
0000000000000000000000000000000000000000000000000
3033033000000003303303033033000000003303303033033
0333333003030003030300030300030303000303003333330
0303030303030303030303030303030303030303030303030
0000000000000000000000000000000000000000000000000
3033033000000003303303033033000000003303303033033
0333333003030003030300030300030303000303003333330
0303030303030303030303030303030303030303030303030
0000000000000000000000000000000000000000000000000
3033033000000003303303033033000000003303303033033
0333333003030003030300030300030303000303003333330
0303030303030303030303030303030303030303030303030
0000000000000000000000000000000000000000000000000
3033033000000003303303033033000000003303303033033
0333333003030003030300030300030303000303003333330