3303300000303303303300000
0303030303030303030303030
0333300300030300030033330
0000000000000000000000000
3303300000303303303300000
0303030303030303030303030
0333300300030300030033330
0000000000000000000000000
3303300000303303303300000
0303030303030303030303030
0333300300030300030033330
0000000000000000000000000
3303300000303303303300000
0303030303030303030303030
0333300300030300030033330
0000000000000000000000000
3303300000303303303300000
0303030303030303030303030
0333300300030300030033330
0000000000000000000000000
3303300000303303303300000
0303030303030303030303030
0333300300030300030033330
0000000000000000000000000
3303300000303303303300000
0303030303030303030303030
0333300300030300030033330
0000000000000000000000000
3303300000303303303300000
0303030303030303030303030
0333300300030300030033330
0000000000000000000000000
3303300000303303303300000
0303030303030303030303030
0333300300030300030033330
0000000000000000000000000
3303300000303303303300000
0303030303030303030303030
0333300300030300030033330
0000000000000000000000000