033033033000000000330330330033033033000000000330330330033033033000000000330330330
030303030303030303030303030303030303030303030303030303030303030303030303030303030
000000000000000000000000000000000000000000000000000000000000000000000000000000000
033333333003030300030303030003030300030303030003030300030303030003030300333333330
033033033000000000330330330033033033000000000330330330033033033000000000330330330
030303030303030303030303030303030303030303030303030303030303030303030303030303030
000000000000000000000000000000000000000000000000000000000000000000000000000000000
033333333003030300030303030003030300030303030003030300030303030003030300333333330
033033033000000000330330330033033033000000000330330330033033033000000000330330330
030303030303030303030303030303030303030303030303030303030303030303030303030303030
000000000000000000000000000000000000000000000000000000000000000000000000000000000
033333333003030300030303030003030300030303030003030300030303030003030300333333330
033033033000000000330330330033033033000000000330330330033033033000000000330330330
030303030303030303030303030303030303030303030303030303030303030303030303030303030
000000000000000000000000000000000000000000000000000000000000000000000000000000000
033333333003030300030303030003030300030303030003030300030303030003030300333333330
033033033000000000330330330033033033000000000330330330033033033000000000330330330
030303030303030303030303030303030303030303030303030303030303030303030303030303030
000000000000000000000000000000000000000000000000000000000000000000000000000000000
033333333003030300030303030003030300030303030003030300030303030003030300333333330
033033033000000000330330330033033033000000000330330330033033033000000000330330330
030303030303030303030303030303030303030303030303030303030303030303030303030303030
000000000000000000000000000000000000000000000000000000000000000000000000000000000
033333333003030300030303030003030300030303030003030300030303030003030300333333330
033033033000000000330330330033033033000000000330330330033033033000000000330330330
030303030303030303030303030303030303030303030303030303030303030303030303030303030
000000000000000000000000000000000000000000000000000000000000000000000000000000000
033333333003030300030303030003030300030303030003030300030303030003030300333333330
033033033000000000330330330033033033000000000330330330033033033000000000330330330
030303030303030303030303030303030303030303030303030303030303030303030303030303030
000000000000000000000000000000000000000000000000000000000000000000000000000000000
033333333003030300030303030003030300030303030003030300030303030003030300333333330
033033033000000000330330330033033033000000000330330330033033033000000000330330330
030303030303030303030303030303030303030303030303030303030303030303030303030303030
000000000000000000000000000000000000000000000000000000000000000000000000000000000
033333333003030300030303030003030300030303030003030300030303030003030300333333330
033033033000000000330330330033033033000000000330330330033033033000000000330330330
030303030303030303030303030303030303030303030303030303030303030303030303030303030
000000000000000000000000000000000000000000000000000000000000000000000000000000000
033333333003030300030303030003030300030303030003030300030303030003030300333333330