332300333
030303020
030303030
333330022
033033022
003303022
030303032
020302000
033303030
330303030
033002220
232333033
032303320
033003330
023303030
033003030
033303032
030303033
333203200
233203000
233003030
333303030
232033030
233033030
030033030
030333030
030003030
033003322
032303333
032303033
033333302
032303200
033303230
020203230
030203230
030203030
032003330
032303330
030303333
023003330
303303232
303303032
233303232
333303002
233303032
333303033
032303030
220203230
220003230
220303230
230303230
030303230
030303330
022003233
002203230
033203330
033303330
020303033
320202033
300323020
333333020
033303020
332302020
300303020
300303030
000203022
030303022
020302020
030003033
022303333
020303032
233002030
330200030
230200030
230302030
002303023
000303033
000303030
030300322
030300330
000303300
000303320
000303020
033320020
320303330
033303333
033303033
030303000
320333030
220303030
200303030
020303030
033203302
033203303
220300030
020302030
230303030
332302300
020303300
020303330
032203303
032003000
032303000
302302000
302300000
302303000
230300000
032303020
030300300
030302330
000300030
203300333
233302333
233300332
232303333
202302230
202300230
202300030
230300030
333303300
333303000
033303302
033303332
330300033
333300033
033300033
033300020
233302300
000330020
002203233
033202332
022300003
030302003
030303002
332203320
030303320
030303300
030303302
330002333
330002000
330303000
230303000
300003020
000003020
300003030
230330032
330330032
030330032
030000032
030300032
033300030
033323032
020303332
032300232
032300230
232300030
332303000
030300030
000233200
000203200
000203000
030203000
000303000
002303030
333000333
330303032
003203330
003303330
000333333
033303220
033330020
033000020
033333030
330030030
030030030
030233030
200302230
333203022
330203032
000302002
032303022
032303202
022303230
022303330
032303300
232333030
333003330
032333030
220203300
220303300
000303330
000303333
200203033
030333020
032300030
020303000
032302330
032302033
032300033
032300330
032302030
030302030
233303020
233303030
330300003
330303003
330303002
022303000
020303200
320303000
330033330
330033030
233023032
200023330
333303023
330303330
332303202
230303022
230303023
230303033
032332000
033322203
030323223
030323233
033303233
033203333
033003333
033003033
330302332
030300020
333200032
032333220
020300030
333322000
333302230
003303230
002303230
033303232
233303230
000303230
330033233
330033232
330033020
030333330
023303003
030000000
030000030
330222030
002303330
020232323
302330333
002303232
330003003
333300330
030303003
302032222
222303330
233300230
230302003
003303032
232303030
322202003
033333300
230330030
020002030
230303200
020303022
002300030
000003033
223000330
233000320
333203303
020332030
003303333
020003030
030302000
000230222
003020033
230030000
333002033
230002033
033302220
020033030
220303032
023332322
222300322
200002320
030222300
333333022
020200320
203300033
230300330
232022220
323320323
303200032
332033330
030323030
020203030
030003032
330232230
333230030
020223000
033302203
023003030
302200022
320303033
332200300
030002333
030200020
233303033
330300030
000303032
223023220
223203323
230003002
330003030
200303330
200000300
032333330
202322203
222032330
332320000
320303232
020200030
020303002
322320002
203333300
322303002
000303223
302303003
330300232
333003230
000302330
030200000
233302030
330203030
203303300
220303333
202002033
330320330
033203332
230203000
333303330
332232000
220233200
323323300
320000333
300003233
200302032
203300030
030333230
032302203
330003333
033330203
300203232
020203032
300303330
330303230
322330022
233232002
033232330
333233000
303303320
300302033
332303030
033332333
200303220
333003300
002300033
033303003
330303033
002333302
030320220
320333000
030202033
232332030
320000030
223303030
203322032
330002222
232302022
022333230
230302302
032003003
233303000
303302222
032002223
330302002
330303202
330303020
320020003
002300233
302300330
230203332
233203032
033302030
022000232
303302202
033003300
030302333
232323233
003333300
230303233
322323030
003000330
022303020
330332300
000330003
003023030
020333300
302002022
200223333
333322002
223300233
000302332
300003000
000003030
230303330
222220203
200020222
022032032
300202002
032023033
200202030
020300332
230000330
030003330
022020023
000002030
032203030
332230300
033322002
000322000
000300220
022333030
030003232
230303032
033200003
033003023
230003230
033303002
230303020
003303003
030300332
223302303
030032320
000333002
320003032
330003032
203223330
023323300
220303232
300300030
030300333
222200022
030332022
000330000
022303030
232022020
330020030
300330230
332002032
020003022
002300330
030302232
030300003
220000332
033020022
330002030
200303000
300222003
033002332
232003000
323303032
232303332
200303032
030003333
333203030
200223220
320003323
200303202
030302022
030200330
000303022
032003030
330300002
000300000
032303230
003203322
300200230
233300200
032002033
200003330
302003233
002203020
020322223
020320232
300300020
002303000
303330320
332032032
020333200
033003332
233203030
030203032
230233222
032023200
023302032
300300002
220203033
200203230
220200333
233300022
032303232
030333032
030003000
033200032
030320330
330000030
030302033
330320032
022203332
333302233
033323023
332303220
030003023
030333033
030300033
020222033
002002332
030233000
020003233
203303000
033330030
020303233
200032002
222300222
000023022
023033330
032203233
330333030
330023220
203300330
023303230
332303020
330233033
022303033
033300332
020303230
030303023
323330200
233023220
030000232
332302230
230233030
030200030
033303300
033232320
032322220
020223230
303303233
000303202
203230320
233000230
320000330
033033032
032003332
003203030
033000030
232222322
220232303
303023300
202333002
302002220
030333233
332333323
000002232
220003300
332333033
030302303
002320223
332232023
233002000
200203000
020333330
322233023
003323232
003200230
032200032
002003032
030300002
023303330
303303030
033030030
332303333
030302233
222302332
020323000
202303230
330203002
020303020
222002232
202000203
320030020
000023232
002203300
222300230
020000233
030203232
032032320
232333232
000332003
033000232
032302020
032223332
323303023
300302032
030203300
033300000
022303220
330323033
030002000
020303003
000000000
222222222
033000330